分卷：['HLD_Shareholders_part1.xlsx']
原始行数 343154，去重后 343154；公司 2316 家，代码范围 000001—300703，年份 2004—2025
公司—年度 34196 个；第一大股东重复的公司—年度 0 个（已剔除）；股东行数>10 的 642 个，<10 的 129 个
未匹配到 TRD_Co 的公司—年度 0 个（含上市日期为 0000-00-00 者）
第一大股东 S0303a 原始代码分布（按年）：
Top1Flag_raw     1    2     3
year                         
2004           206  266    55
2005           214  274    43
2006           227  333    36
2007           209  407    80
2008           236  455    57
2009           279  513    97
2010           314  855    46
2011           409  828   181
2012           522  170   834
2013           645  109   811
2014           806   82   739
2015           998   69   679
2016          1140   20   741
2017          1327   25   707
2018          1341   24   717
2019          1270   28   801
2020          1167   31   953
2021          1067   23  1079
2022           985   30  1173
2023           924   67  1179
2024           841   16  1288
2025           757   12  1379